	ECO	PSE	SP500	TBY10Y	VIX	WTIF	TYVIX	EPU	DEF	CEFI
2003/1/2	103.64	477.41	909.030029	4.07	25.39	31.85	9.06	324.67	1.21	188.57
2003/1/3	103.94	479.05	908.590027	4.05	24.68	33.08	8.69	357.74	1.21	188.78
2003/1/6	105.87	493.03	929.01001	4.09	24.91	32.1	8.71	166.02	1.24	192.78
2003/1/7	105.19	494.35	922.929993	4.04	25.13	31.08	8.15	180.02	1.21	186.37
2003/1/8	104.07	483.99	909.929993	4	25.53	30.56	7.85	204.91	1.17	185.19
2003/1/9	105.64	496.76	927.570007	4.19	24.25	31.99	8.19	115.78	1.18	188.39
2003/1/10	105.81	504.15	927.570007	4.16	24.32	31.68	8	148.58	1.19	185.92
2003/1/13	105.1	500.22	926.26001	4.15	24.9	32.26	8.06	106.07	1.18	185.57
2003/1/14	106.64	502.92	931.659973	4.1	24.57	32.37	7.79	142	1.18	187.01
2003/1/15	104.97	493.5	918.219971	4.1	25.51	33.21	7.71	153.47	1.17	185.86
2003/1/16	103.58	488.85	914.599976	4.1	25.01	33.66	7.77	110.03	1.18	186.8
2003/1/17	100.91	471.67	901.780029	4.05	25.7	33.91	7.57	33.84	1.16	185.21
